38245956
22372768
1726599
11488920
66621525
3258989
56449571
55786215
54051410
56449571
44803282
58355835
56941523
1303927
59321326
59591168
17510214
53583472
36399757
59573470
55669191
16833447
1453915
578967
14453485
58448882
28445641
55645862
51406882
10227146
1380291
21101765
1575707
9062600
56880195
37495650
53789448
54484578
1011168
57521842
13568317
1024190
70656791
787867
4370161
58142441
66877577
52731281
64988886
25421009
16341786
2151853
47115292
58852893
2127549
8275143
1918591
14426598
51737688
868275
545906
46104797
3480627
17593518
11337513
1728537
37812750
58695847
1398733
1609187
50098102
48354681
13334313
1453913
7471183
21739826
12622141
7796367
7099307
14116738
1944703
67057767
38059858
50420044
466737
6710595
72615961
20138159
4629707
57628852
579928
5844161
51373821
423210
32278429
26670490
2119169
58546654
2153187
8327610
57945711
49123718
38319237
10604175
25305723
42465518
68478297
72652196
58415187
35422376
43389470
43346095
68500659
16447290
10831298
39105797
73125530
42718737
20422266
56999415
32178075
11345052
16729965
54475044
35875732
3526073
56612464
6286919
776480
579962
33536131
53524080
17593527
46767962
70655135
1535039
7699064
16654739
9805349
68545402
45750508
920157
28129833
4630783
50520611
16984609
2909831
976105
35905863
32720610
21725799
55028849
54707703
467912
6834617
13631063
2562973
21056299
1534875
8095711
31587752
772740
6880341
50745575
24856105
3677753
710920
28619438
53467695
51476716
34527170
1227089
26350629
10741666
27068546
48045630
50735077
55875210
701579
48429838
7699055
23399326
54082178
5422713
59266225
41890552
15839139
4995493
38203699
748767
21725869
228969
49492751
575625
32380355
53740356
35905861
71675533
7461445
794973
54793222
920377
70601085
2127575
33404972
59162546
1726601
19351701
68081294
51265505
57867024
27948515
54130086
65001897
52574827
59518200
20508118
7699058
10685676
72652203
56273328
41886085
44989609
25932606
15605817
6895385
43454750
52339008
10413344
3553939
35317142
3951133
38223762
57911829
1510185
50326168
4621783
56747776
7695463
52145781
12070656
30008695
71985140
72041730
14687594
3677799
20557823
41354033
2866547
19376511
63133571
52297710
54443911
23870070
56745317
40938448
71984872
72298285
1455117
20129535
17509774
7338015
55427978
14462132
8095705
58357614
754592
23361610
36560504
72093912
25730741
11834800
710923
25962840
23393560
58400283
575622
68788653
70772936
966287
14681534
49869537
399253
28008145
2916407
33574255
49307741
576862
22764290
13606669
37135027
57335326
72049059
14129571
59356180
56982178
54132706
1511705
59131733
49732530
58021652
35905855
58804363
55900887
57659859
20063886
13561921
513427
781987
3131499
34171666
44665478
73501942
57377136
22275529
2236959
52187161
20104505
37891224
20992279
53039077
38114299
4799725
21332013
6724429
53972329
1012176
56207089
59071206
1380375
52999852
52577269
54447888
55578461
19584471
53599746
45110370
59169685
68354418
52061251
4539379
983286
71518882
45300792
7143535
45098399
2452159
53913537
51843538
21239605
2297915
36935892
32268623
984724
59165377
54764119
451252
56815775
59410271
701712
52173227
54145168
21713490
54485029
24800635
35928141
36960736
46202190
3457771
26687791
791239
25590695
34576197
58469517
25107085
64317928
56317050
12705393
69254004
42270992
7938652
32725147
58546285
44856466
42953924
54758744
59401658
10209854
17423771
11341623
13892120
1399571
56512875
24844188
26643025
69066291
42434468
51489236
579854
14448546
68366960
4526273
892121
59152438
8032373
70643384
2236975
45388609
28624165
20538184
58311830
13322568
58678597
798509
6712437
26056546
51984645
51662145
6816541
55141329
1812541
61278429
21243918
50598351
2119173
53626357
65001815
33075675
28324641
6834621
980470
43768069
43896673
31300114
34230976
70360099
4361879
21145832
59236563
45059353
56868404
2004627
3677797
35767025
20615119
72284154
59598451
57282392
58210089
11308295
21459762
579975
53773221
701383
54483857
1726597
27986927
63515855
578912
63051068
2241231
34917452
13158001
14310197
32189969
71967903
54583763
20452232
28324935
55956438
50911167
53307305
53973090
67823334
22046288
29930697
55078105
23403954
25385485
42977434
4994301
63051860
66470649
26771749
21373904
517713
56596052
50393544
528923
57149142
2909837
50406274
19920948
59163919
35247508
24843813
57755151
12736380
7699066
55627933
7635008
30990248
71518869
56054499
23212731
52576513
51573015
59173693
33779302
39962554
59233333
6879987
52294145
7614336
579790
50294624
56275200
51318874
66576427
38704363
14453636
576018
3059125
71985317
46178511
47364901
52236928
44459466
34818286
67932480
50324186
54478757
2866583
576742
71141833
68194366
2829867
51473042
71077717
69238901
43822841
52760599
66529553
59195739
66726268
12409651
21066577
45839454
7748079
48427658
49130661
58828647
35273810
53630883
54457679
51411637
55728728
58679495
2119199
57025453
36785791
66496186
53923799
7005355
44620765
25800931
71350937
70357713
50231438
423303
12329959
14814321
34738590
44350764
57642343
4201355
14639274
575637
15691585
57715501
8281089
34170488
7699051
43185536
57284183
228783
51267105
62231649
61330207
60280501
51105287
31139607
46327991
38113336
14814981
51239243
24785367
22410333
69741184
7322547
19733027
228966
67663608
4190473
20442216
11058658
10768010
2146987
71518873
59171464
56452290
52686610
53642791
19522394
56388335
29601709
11126172
34675666
56039549
44849484
914402
56048416
55668232
16376462
56604520
712685
1347655
20646244
2739235
56049463
58802185
53993254
26334551
71144615
17941981
55285659
976113
690393
66708363
4083295
10091475
558567
68166490
5755951
13571023
67856770
51288331
22949739
59259444
71664501
21483697
21332005
51113899
51240021
57146061
41227454
56687809
4084807
31473727
33599357
2236967
46208141
72515183
20555473
47108061
6719031
12440824
57772440
2391311
66529556
14323807
52609001
449672
35905859
55921479
17597870
58261498
11593105
68237174
37875059
10646782
50254577
51698485
35390575
15691589
7044135
46083411
575964
48580898
67989898
55630076
53497035
21145821
52756206
55052995
17164211
44297321
529032
69066285
13796797
2202069
28641559
56104103
66106123
73124602
26525668
5852729
4460657
58591765
26488675
14516745
68594313
51554889
6834613
53734069
55580718
46554446
8922895
5853283
24842422
51915247
45188593
21980667
20540708
12240848
31975702
53621481
55502646
10686324
24851894
13801413
50699927
58226581
16318239
23605429
48056638
69557472
7561373
51135950
7001857
48373983
50492632
11826201
26489114
34623289
32720443
14764119
13327443
38393312
41075957
58597617
59471210
48426134
20461246
51144810
36588244
20642799
56440445
72225063
21168538
55619157
57694435
3088227
40777192
7221871
51654851
2909885
52260439
44975835
3480629
3014041
53307168
481584
228805
14981747
21190402
48173315
71489738
52161518
29930190
45838831
2754383
6775663
23290894
14520937
59047203
53261292
59498702
55513974
54505453
71518878
71058774
3978351
54025527
71147794
24437529
754593
11136561
56275774
4946403
480770
34554122
2255961
35247433
455604
1453917
52581646
69433862
21061146
50952934
58877497
46632522
60867693
15736520
59054158
19764771
71518812
44975840
56400156
69060323
21391394
55646761
52384601
55581242
16553776
54859523
23912041
52580890
21181898
54465976
6175665
718889
16176672
51738088
28447374
70083074
52089269
1707715
2143333
23068220
57774896
3087039
25452713
16685173
67056324
2590407
28313662
37317513
45597601
32178101
696886
60187443
33342284
6552109
21430015
36595858
58881563
44419819
68746249
547401
31826510
32859425
47146413
3969375
778124
70662720
52613145
17876273
56059734
41113880
12636435
59464921
58727383
55999678
2133081
394416
70217895
701227
2236951
20671006
38087253
38666598
16352751
36044824
58257875
2578985
58802010
22435093
44179989
7699053
1607947
34180303
23068209
5347441
48354686
21441057
16199417
6872971
49498797
42354346
13796633
67977131
12494436
56383100
22878295
53616204
44347799
46207255
36598483
19340442
56823929
11776281
57518273
30008773
44015155
25385842
10368779
16166590
24880555
58137351
7003815
36167235
9689643
23068207
7202377
12353043
37302841
19913225
48648623
37138213
57385420
41624126
17488465
67482221
69323854
26149459
68078093
7664636
51251851
11594328
55112229
24838127
58408782
50241058
6920973
10404390
3198855
25705517
56257168
66529548
39327388
46188491
1453919
53335239
52846777
22882575
1916363
1400785
21414593
22430108
25073095
25707706
45066138
1934467
21301419
6807903
15785127
42740561
8144493
21238585
58410061
67325050
29933724
71174837
57350121
20701354
42241386
49682586
71027731
25719158
42226974
7583254
47163069
3482101
17949501
51462685
36205671
44975829
48716779
48462017
16378194
40717097
63924551
15245234
55285362
52600677
23788375
19645897
63851962
49306001
10596811
19741058
29068485
46239356
